 Tow: M-10-009   RV Sarmiento de Gamboa/SG2105
 Date: 18/05/2021
 Temperature Probe #  5164    Conductivity Probe #  120   Pressure Probe #  155
 Flow Meter Calibration  4.63 (m/count)  
                          MOCNESS STATISTICAL SUMMARY
              
net#   pmin   pmax   pavg   tmin   tmax   tavg   thmin  thmax  thavg  smin   smax   savg
 1     500.7  989.2  703.3  08.5   10.8   10.1   08.4   10.8   10.0   50.00  50.00  50.00
 2     300.5  499.8  400.5  10.8   11.1   10.9   10.8   11.0   10.9   50.00  50.00  50.00
 3     110.1  299.8  218.0  11.1   12.2   11.5   11.0   12.1   11.5   50.00  50.00  50.00
 4     004.8  108.9  14664.411.9   13.0   3772.4 11.9   13.0   3770.2 50.00  50.00  14700.00
              
net#   simin  simax  siavg  cmin   cmax   cavg   fmin   fmax   favg   oxmin  oxmax  oxavg
 1     38.55  39.03  38.70  00.00  00.00  00.00  00.00  00.00  00.00  00.0   00.0   00.0
 2     38.50  38.55  38.53  00.00  00.00  00.00  00.00  00.00  00.00  00.0   00.0   00.0
 3     38.26  38.50  38.41  00.00  00.00  00.00  00.00  00.00  00.00  00.0   00.0   00.0
 4     38.06  38.30  11202.45
                            00.00  00.00  00.00  00.00  00.00  00.00  00.0   00.0   00.0
              
net#      irrmin        irrmax       irravg
 1     0.000000000 0.000000000 0.000000000
 2     0.000000000 0.000000000 0.000000000
 3     0.000000000 0.000000000 0.000000000
 4     0.000000000 0.000000000 0.000000000
              
net#   amin   amax   aavg   spmin  spmax  spavg  armin  armax  aravg     #obs      vol
 1      24.0  65.0   47.2   01.7   02.8   02.4   02.8  25.6    13.0      00568     21738
 2      51.0  59.0   53.2   02.3   02.8   02.5   04.4  11.4    07.6      00393     15400
 3      41.0  64.0   49.5   01.7   02.8   02.2   -01.2 10.4    05.7      00501     18536
 4      31.0  68.0   13406.001.7   03.4   631.4  -02.0 21.1    1575.2    00294     11783
              
net#   Yearday/Time  hh:mm:ss  pmin      pmax     pavg     #obs     vol
                   (NetOpenTime)
 1       139.012106  0:17:26   500.7    989.2    703.3    00568    21738
 2       139.038542  0:55:30   300.5    499.8    400.5    00393    15400
 3       139.056852  1:21:52   110.1    299.8    218.0    00501    18536
 4       139.080174  1:55:27   004.8    108.9    14664.4  00294    11783
 5       133.218125  5:14:6  
