 Tow: M-10-005   RV Sarmiento de Gamboa/SG2105
 Date: 13/05/2021
 Temperature Probe #  5164    Conductivity Probe #  120   Pressure Probe #  155
 Flow Meter Calibration  4.63 (m/count)  
                          MOCNESS STATISTICAL SUMMARY
              
net#   pmin   pmax   pavg   tmin   tmax   tavg   thmin  thmax  thavg  smin   smax   savg
 1     496.8  1001.2 734.9  09.2   10.8   10.4   09.1   10.8   10.3   50.00  50.00  50.00
 2     300.9  495.0  390.8  10.8   10.9   10.8   10.8   10.8   10.8   50.00  50.00  50.00
 3     100.6  299.4  201.4  10.9   11.5   11.0   10.8   11.5   11.0   50.00  50.00  50.00
 4     004.1  098.7  7840.7 10.7   13.0   2646.4 10.7   13.0   2645.2 50.00  50.00  10850.00
              
net#   simin  simax  siavg  cmin   cmax   cavg   fmin   fmax   favg   oxmin  oxmax  oxavg
 1     38.55  38.89  38.65  00.00  00.00  00.00  00.00  00.00  00.00  00.0   00.0   00.0
 2     38.54  38.55  38.55  00.00  00.00  00.00  00.00  00.00  00.00  00.0   00.0   00.0
 3     38.40  38.54  38.51  00.00  00.00  00.00  00.00  00.00  00.00  00.0   00.0   00.0
 4     38.06  38.57  8299.2800.00  00.00  00.00  00.00  00.00  00.00  00.0   00.0   00.0
              
net#      irrmin        irrmax       irravg
 1     0.000000000 0.000000000 0.000000000
 2     0.000000000 0.000000000 0.000000000
 3     0.000000000 0.000000000 0.000000000
 4     0.000000000 0.000000000 0.000000000
              
net#   amin   amax   aavg   spmin  spmax  spavg  armin  armax  aravg     #obs      vol
 1      21.0  51.0   37.2   00.6   02.3   01.7   -01.6 19.5    12.0      00630     20594
 2      36.0  51.0   41.6   01.7   02.3   01.9   06.2  15.8    10.7      00274     09588
 3      38.0  54.0   41.4   01.7   02.3   01.9   06.8  13.0    09.7      00308     10918
 4      25.0  60.0   10585.000.0   02.8   429.2  -00.6 12.2    1460.6    00217     07194
              
net#   Yearday/Time  hh:mm:ss  pmin      pmax     pavg     #obs     vol
                   (NetOpenTime)
 1       133.678449  16:16:58  496.8    1001.2   734.9    00630    20594
 2       133.707778  16:59:11  300.9    495.0    390.8    00274    09588
 3       133.720556  17:17:35  100.6    299.4    201.4    00308    10918
 4       133.734907  17:38:15  004.1    098.7    7840.7   00217    07194
 5       133.218125  5:14:6  
