 Tow: M-10-006   RV Sarmiento de Gamboa/SG2105
 Date: 14/05/2021
 Temperature Probe #  5164    Conductivity Probe #  120   Pressure Probe #  155
 Flow Meter Calibration  4.63 (m/count)  
                          MOCNESS STATISTICAL SUMMARY
              
net#   pmin   pmax   pavg   tmin   tmax   tavg   thmin  thmax  thavg  smin   smax   savg
 1     499.7  993.8  711.1  09.1   10.8   10.3   09.0   10.8   10.2   50.00  50.00  50.00
 2     299.6  498.2  402.5  10.8   11.0   10.9   10.8   10.9   10.8   50.00  50.00  50.00
 3     098.6  298.7  199.9  11.0   11.6   11.2   10.9   11.6   11.2   50.00  50.00  50.00
 4     004.3  096.9  7001.9 11.5   13.0   2740.9 11.5   13.0   2739.8 50.00  50.00  10850.00
              
net#   simin  simax  siavg  cmin   cmax   cavg   fmin   fmax   favg   oxmin  oxmax  oxavg
 1     38.55  38.92  38.67  00.00  00.00  00.00  00.00  00.00  00.00  00.0   00.0   00.0
 2     38.52  38.55  38.54  00.00  00.00  00.00  00.00  00.00  00.00  00.0   00.0   00.0
 3     38.37  38.52  38.46  00.00  00.00  00.00  00.00  00.00  00.00  00.0   00.0   00.0
 4     38.07  38.40  8278.1100.00  00.00  00.00  00.00  00.00  00.00  00.0   00.0   00.0
              
net#      irrmin        irrmax       irravg
 1     0.000000000 0.000000000 0.000000000
 2     0.000000000 0.000000000 0.000000000
 3     0.000000000 0.000000000 0.000000000
 4     0.000000000 0.000000000 0.000000000
              
net#   amin   amax   aavg   spmin  spmax  spavg  armin  armax  aravg     #obs      vol
 1      31.0  51.0   41.6   01.4   02.3   01.9   03.2  21.0    10.3      00721     25437
 2      36.0  52.0   41.2   01.7   02.0   01.8   06.8  13.4    09.8      00304     10378
 3      34.0  51.0   40.7   01.7   02.0   01.8   06.8  14.2    09.9      00305     10613
 4      38.0  60.0   10275.001.7   02.8   479.3  -02.6 14.4    1440.2    00217     08374
              
net#   Yearday/Time  hh:mm:ss  pmin      pmax     pavg     #obs     vol
                   (NetOpenTime)
 1       134.047512  1:8:24    499.7    993.8    711.1    00721    25437
 2       134.081065  1:56:44   299.6    498.2    402.5    00304    10378
 3       134.095231  2:17:8    098.6    298.7    199.9    00305    10613
 4       134.109456  2:37:37   004.3    096.9    7001.9   00217    08374
 5       133.218125  5:14:6  
