 Tow: M-10-007   RV Sarmiento de Gamboa/SG2105
 Date: 17/05/2021
 Temperature Probe #  5164    Conductivity Probe #  120   Pressure Probe #  155
 Flow Meter Calibration  4.63 (m/count)  
                          MOCNESS STATISTICAL SUMMARY
              
net#   pmin   pmax   pavg   tmin   tmax   tavg   thmin  thmax  thavg  smin   smax   savg
 1     498.7  998.1  723.8  09.1   10.8   10.3   08.9   10.8   10.2   50.00  50.00  50.00
 2     299.9  496.9  386.6  10.8   10.9   10.8   10.8   10.8   10.8   50.00  50.00  50.00
 3     101.9  298.7  201.4  10.9   11.4   11.0   10.8   11.3   11.0   50.00  50.00  50.00
 4     004.6  101.2  18896.811.2   12.6   7886.1 11.2   12.6   7883.2 50.00  50.00  31900.00
              
net#   simin  simax  siavg  cmin   cmax   cavg   fmin   fmax   favg   oxmin  oxmax  oxavg
 1     38.56  38.92  38.66  00.00  00.00  00.00  00.00  00.00  00.00  00.0   00.0   00.0
 2     38.54  38.56  38.55  00.00  00.00  00.00  00.00  00.00  00.00  00.0   00.0   00.0
 3     38.43  38.54  38.51  00.00  00.00  00.00  00.00  00.00  00.00  00.0   00.0   00.0
 4     38.16  38.46  24377.19
                            00.00  00.00  00.00  00.00  00.00  00.00  00.0   00.0   00.0
              
net#      irrmin        irrmax       irravg
 1     0.000000000 0.000000000 0.000000000
 2     0.000000000 0.000000000 0.000000000
 3     0.000000000 0.000000000 0.000000000
 4     0.000000000 0.000000000 0.000000000
              
net#   amin   amax   aavg   spmin  spmax  spavg  armin  armax  aravg     #obs      vol
 1      26.0  51.0   40.6   01.1   02.3   02.0   06.2  24.2    15.1      00497     17737
 2      42.0  55.0   46.5   01.7   02.3   02.1   -01.0 13.4    07.8      00384     14082
 3      42.0  66.0   49.3   01.7   02.8   02.3   -05.0 14.0    07.8      00379     14483
 4      34.0  63.0   32262.001.4   03.1   1438.0 -09.2 08.2    1461.6    00638     25381
              
net#   Yearday/Time  hh:mm:ss  pmin      pmax     pavg     #obs     vol
                   (NetOpenTime)
 1       137.505255  12:7:33   498.7    998.1    723.8    00497    17737
 2       137.528391  12:40:52  299.9    496.9    386.6    00384    14082
 3       137.546273  13:6:38   101.9    298.7    201.4    00379    14483
 4       137.563935  13:32:4   004.6    101.2    18896.8  00638    25381
 5       133.218125  5:14:6  
